1.301925294267975396e-02
3.489406916612798892e-01
3.864883645765999076e-01
3.492962184873950049e-01
4.931221719457013486e-01
9.485294117647059819e-02
2.440578539107950973e-01
3.384453781512605092e-02
4.230883507249051656e-02
5.880332869355637399e-02
6.811170199685224746e-01
1.662129338915052934e-01
9.260673337230430902e-02
7.942193955341334544e-01
2.772197924934335367e-01
5.941338432809021297e-01
1.126779874724987696e-01
2.474369747899159422e-01
4.028991596638655248e-01
1.048004201680672320e-01
2.448634453781512732e-01
3.977165481577246697e-01
